50
100
200
300
400
450
475
500
525
550
616
647
679
713
748
786
825
866
910
955
1003
1053
1106
1161
1219
1280
1344
1411
1482
1556
1634
1715
1801
1891
1986
2085
2189
2299
2414
2534
2661
2794
2934
3081
3235
3396
3566
3744
3932
4128
4335
4551
4779
5018
5269
5532
5809
6099
6404
6725
7061
7414
7784
8174
8582
9011
9462
9935
10432
10954
11501
12076
12680
13314
13980
14679
15413
16183
16992
17842
18734
19671
20654
21687
22772
23910
25106
26361
27679
29063
30516
32042
33644
35326
37092
38947
40894
42939
45086
47340
49707
52193
54802
57543
60420
63441
66613
69943
73441
77113
80968
85017
89267
93731
98417
103338
108505
113930
119627
125608
131889
138483
145407
152678
160312
168327
176744
185581
194860
204603
214833
225574
236853
248696
261131
274187
287897
302291
317406
333276
349940
367437
385809
405099
425354
446622
468953
492401
517021
542872
570015
598516
628442
659864
692857
727500
763875
802069
842172
884281
928495
974920
1023666
1074849
1128592
1185021
1244272
1306486
1371810
1440401
1512421
1588042
1667444
1750816
1838357
1930275
2026789
2128128
2234534
2346261
2463574
2586753
2716090
2851895
2994490
3144214
3301425
3466496
3639821
3821812
4012903
4213548
4424225
4645436
4877708
5121594
5377673
5646557
5928885
6225329