5760
6350
6668
7001
7351
7719
8105
8510
8936
9382
9852
10344
10861
11404
11975
12573
13202
13862
14555
15283
16047
16850
17692
18577
19505
20481
21505
22580
23709
24894
26139
27446
28818
30259
31772
33361
35029
36780
38619
40550
42578
44707
46942
49289
51754
54341
57058
59911
62907
66052
69355
72823
76464
80287
84301
88516
92942
97589
102469
107592
112972
118620
124551
130779
137318
144184
151393
158963
166911
175256
184019
193220
202881
213025
223676
234860
246603
258933
271880
285474
299748
314735
330472
346995
364345
382562
401690
421775
442864
465007
488257
512670
538304
565219
593480
623154
654311
687027
721378
757447
795320
835086
876840
920682
966716
1015052
1065804
1119095
1175049
1233802
1295492
1360266
1428280
1499694
1574678
1653412
1736083
1822887
1914031
2009733
2110220
2215731
2326517
2442843
2564985
2693234
2827896
2969291
3117756
3273643
3437326
3609192
3789651
3979134
4178091
4386995
4606345
4836662
5078495
5332420
5599041
5878993
6172943
6481590
6805669
7145953
7503251
7878413
8272334
8685950
9120248
9576260
10055073
10557827
11085718
11640004
12222004
12833105
13474760
14148498
14855923
15598719
16378655
17197588
18057467
18960340
19908357
20903775
21948964
23046412
24198733
25408669
26679103
28013058
29413711
30884397
32428616
34050047
35752550
37540177
39417186
41388045
43457447
45630320
47911836
50307428
52822799
55463939
58237136
61148993
64206442
67416764
70787603
74326983
78043332
81945498
86042773
90344912
94862158
99605265