9000
9923
10419
10940
11487
12061
12664
13297
13962
14660
15393
16163
16971
17819
18710
19646
20628
21660
22743
23880
25074
26327
27644
29026
30477
32001
33601
35281
37045
38897
40842
42884
45029
47280
49644
52126
54733
57469
60343
63360
66528
69854
73347
77014
80865
84908
89154
93611
98292
103207
108367
113785
119475
125448
131721
138307
145222
152483
160107
168113
176518
185344
194611
204342
214559
225287
236551
248379
260798
273838
287530
301906
317002
332852
349494
366969
385317
404583
424812
446053
468356
491773
516362
542180
569289
597754
627641
659023
691975
726573
762902
801047
841099
883154
927312
973678
1022362
1073480
1127154
1183511
1242687
1304821
1370062
1438565
1510494
1586018
1665319
1748585
1836015
1927815
2024206
2125416
2231687
2343271
2460435
2583457
2712630
2848261
2990674
3140208
3297218
3462079
3635183
3816942
4007789
4208179
4418588
4639517
4871493
5115068
5370821
5639362
5921330
6217397
6528267
6854680
7197414
7557285
7935149
8331906
8748502
9185927
9645223
10127484
10633858
11165551
11723829
12310020
12925521
13571797
14250387
14962907
15711052
16496605
17321435
18187507
19096882
20051726
21054312
22107028
23212379
24372998
25591648
26871231
28214792
29625532
31106808
32662149
34295256
36010019
37810520
39701046
41686098
43770403
45958923
48256870
50669713
53203199
55863359
58656527
61589353
64668821
67902262
71297375
74862243
78605356
82535623
86662404
90995525
95545301
100322566
105338694
110605629
116135910
121942706
128039841
134441833
141163925
148222121
155633227