3240
3572
3751
3938
4135
4342
4559
4787
5026
5278
5541
5819
6110
6415
6736
7073
7426
7797
8187
8597
9027
9478
9952
10449
10972
11520
12096
12701
13336
14003
14703
15438
16210
17021
17872
18765
19704
20689
21723
22810
23950
25148
26405
27725
29111
30567
32095
33700
35385
37154
39012
40963
43011
45161
47419
49790
52280
54894
57639
60521
63547
66724
70060
73563
77241
81103
85159
89416
93887
98582
103511
108686
114121
119827
125818
132109
138714
145650
152932
160579
168608
177038
185890
195185
204944
215191
225951
237248
249111
261566
274645
288377
302796
317936
333832
350524
368050
386453
405775
426064
447367
469736
493222
517884
543778
570967
599515
629491
660965
694013
728714
765150
803407
843578
885757
930044
976547
1025374
1076643
1130475
1186999
1246349
1308666
1374099
1442804
1514944
1590692
1670226
1753738
1841424
1933496
2030170
2131679
2238263
2350176
2467685
2591069
2720622
2856654
2999486
3149461
3306934
3472280
3645894
3828189
4019598
4220578
4431607
4653188
4885847
5130139
5386646
5655979
5938778
6235717
6547502
6874878
7218621
7579552
7958530
8356457
8774279
9212993
9673643
10157325
10665191
11198451
11758374
12346292
12963607
13611787
14292377
15006995
15757345
16545212
17372473
18241097
19153152
20110809
21116350
22172167
23280775
24444814
25667055
26950408
28297928
29712824
31198466
32758389
34396308
36116124
37921930
39818026
41808928
43899374
46094343
48399060
50819013
53359964
56027962