1440
1588
1667
1750
1838
1930
2026
2128
2234
2346
2463
2586
2715
2851
2994
3143
3301
3466
3639
3821
4012
4212
4423
4644
4876
5120
5376
5645
5927
6224
6535
6862
7205
7565
7943
8340
8757
9195
9655
10138
10644
11177
11736
12322
12938
13585
14265
14978
15727
16513
17339
18206
19116
20072
21075
22129
23236
24397
25617
26898
28243
29655
31138
32695
34329
36046
37848
39741
41728
43814
46005
48305
50720
53256
55919
58715
61651
64733
67970
71368
74937
78684
82618
86749
91086
95641
100423
105444
110716
116252
122064
128168
134576
141305
148370
155788
163578
171757
180345
189362
198830
208771
219210
230170
241679
253763
266451
279774
293762
308450
323873
340067
357070
374923
393670
413353
434021
455722
478508
502433
527555
553933
581629
610711
641246
673309
706974
742323
779439
818411
859331
902298
947413
994783
1044523
1096749
1151586
1209166
1269624
1333105
1399760
1469748
1543236
1620397
1701417
1786488
1875813
1969603
2068083
2171488
2280062
2394065
2513768
2639457
2771430
2910001
3055501
3208276
3368690
3537124
3713981
3899680
4094664
4299397
4514367
4740085
4977089
5225944
5487241
5761603
6049683
6352167
6669776
7003265
7353428
7721099
8107154
8512512
8938137
9385044
9854296
10347011
10864362
11407580
11977959
125768570
13205700
13865985
14559284
15287248
16051611
16854191
17696901
18581746
19510833
20486375
21510693
22586228
23715539
24901316